1.000000119209289551e+00
5.916670560836791992e-01
2.466484606266021729e-01
1.124119758605957031e-01
1.264747619628906194e-01
1.001517057418823270e-01
8.474440574645997204e-02
1.712844252586364913e-01
9.377686977386474887e-02
5.772899389266968051e-02
6.456435918807983121e-02
1.229984045028686551e-01
1.238870024681091309e-01
4.290345907211304266e-02
5.297117233276367465e-02
1.960600376129150446e-01
1.649154782295227106e-01
7.798703908920288919e-02
2.623090028762817272e-01
1.287701725959777832e-01
1.182134985923767173e-01
2.962807178497314786e-01
2.892946004867553711e-01
7.466900348663330078e-02
1.459532976150512695e-01
8.846302032470704235e-02
6.896498203277588723e-02
4.636396467685699463e-02
1.518886804580688588e-01
0.000000000000000000e+00
0.000000000000000000e+00
8.517814874649048962e-02
1.923370361328125000e-01
1.353268861770629827e-01
1.398382544517517145e-01
1.956674695014953835e-01
7.620412111282348633e-02
6.294339895248413086e-02
1.366052627563476562e-01
5.759475827217102467e-02
1.655826210975647195e-01
8.927332758903504251e-02
1.401518225669860784e-01
1.942567944526672474e-01
2.062291622161865345e-01
1.100062251091003529e-01
1.486356019973754938e-01
5.916670560836791992e-01
1.000000000000000000e+00
1.668983548879623413e-01
6.588867306709289551e-02
4.324481189250946322e-02
3.900456130504608571e-02
6.460455656051636297e-02
8.019266724586487927e-02
1.172440528869628934e-01
7.105717658996582586e-02
1.302653789520263616e-01
1.047071576118469294e-01
9.705270528793336071e-02
3.101374208927154541e-02
4.461206793785095492e-02
1.716161608695984109e-01
8.508309125900269387e-02
9.767889976501464844e-02
2.339334487915039062e-01
1.123243212699890220e-01
1.459991633892059396e-02
2.030692815780639759e-01
2.392461299896240234e-01
5.403825044631958147e-02
9.052163362503051758e-02
2.237442731857300013e-02
7.129474282264709750e-02
4.194079339504241943e-02
1.124759197235107450e-01
2.696318179368972865e-03
3.191290497779846608e-02
2.153714299201965610e-02
1.890535354614257812e-01
1.009401798248291127e-01
1.209229946136474720e-01
1.992394685745239313e-01
7.792432904243469516e-02
4.740684926509857594e-02
7.739539146423340954e-02
6.620417535305023367e-03
9.940125346183777133e-02
5.946638584136963029e-02
1.035228729248046931e-01
1.716946363449096680e-01
1.139032006263732966e-01
8.054697513580322266e-02
9.902001619338990368e-02
2.466484606266021729e-01
1.668983548879623413e-01
1.000000119209289551e+00
5.115051269531250416e-02
1.009396314620971680e-01
1.061274051666259849e-01
7.496778964996338168e-02
2.066445827484131026e-01
9.997164011001587192e-02
1.493731737136840820e-01
1.040798425674438477e-01
6.723307371139526645e-02
2.359617948532104492e-01
7.670446038246155063e-02
1.003638505935668945e-01
1.826257467269897516e-01
2.771734952926636075e-01
5.735008716583252231e-02
1.244555354118347251e-01
6.404998302459717630e-02
9.744226336479187844e-02
2.863311290740966908e-01
2.047062635421753041e-01
2.504677534103393888e-01
6.815975904464721680e-02
1.028467655181884849e-01
9.410439729690552035e-02
2.133831262588501143e-01
1.628693938255310059e-01
2.828649580478668352e-02
9.211193323135376254e-02
1.001599073410034263e-01
8.797748684883117953e-02
8.438551425933837891e-02
2.277928829193115456e-01
2.275200128555298074e-01
7.541348934173584817e-02
9.191427230834961493e-02
9.503771066665650524e-02
9.296905994415283203e-02
1.721625685691833552e-01
9.724833965301514505e-02
2.279410839080810713e-01
1.595054388046264759e-01
8.114982843399048962e-02
7.792004346847535012e-02
1.732836961746215820e-01
1.124119758605957031e-01
6.588867306709289551e-02
5.115051269531250416e-02
1.000000000000000000e+00
3.252791762351989746e-01
2.639118432998657227e-01
2.296045124530792236e-01
1.259546756744384932e-01
1.578062772750854492e-01
1.091961383819580189e-01
6.474128961563110907e-02
1.124967813491821317e-01
1.283656597137451116e-01
1.038082361221313588e-01
9.759815335273742953e-02
8.813850879669189731e-02
5.650614500045776645e-02
1.603402376174926924e-01
1.708184182643890381e-02
0.000000000000000000e+00
1.627738118171692117e-01
1.805641531944275069e-01
5.831362605094909946e-02
1.461001634597778320e-01
5.231467485427857000e-02
6.066731214523315985e-02
1.166635394096374595e-01
1.826001286506652999e-01
1.443724751472473256e-01
4.339090287685394565e-02
6.850497722625732699e-02
1.933907270431518555e-01
5.759387016296386996e-02
1.152535676956176758e-01
1.131785988807678250e-01
1.471780300140380915e-01
1.426481366157531794e-01
3.068962574005127397e-01
2.916049003601074441e-01
2.463338375091552734e-01
1.692680358886718972e-01
3.519899129867554155e-01
1.427770733833313155e-01
1.215870499610900990e-01
1.885268926620483620e-01
2.475756645202636941e-01
2.298381805419922042e-01
1.264747619628906194e-01
4.324481189250946322e-02
1.009396314620971680e-01
3.252791762351989746e-01
9.999999403953552246e-01
2.373255193233489990e-01
4.219598174095153809e-01
1.385165214538574274e-01
1.782250404357910156e-01
1.111796379089355497e-01
1.736795306205749512e-01
1.314102411270141602e-01
1.109379291534423884e-01
6.218619942665100375e-02
1.087527751922607450e-01
1.681930541992187611e-01
3.019617199897766183e-02
1.398488521575927679e-01
1.178218722343444824e-01
4.454354941844940186e-02
1.457283020019531361e-01
1.344753980636596846e-01
1.572583913803100586e-01
1.460150480270385742e-01
2.707507014274597446e-02
1.163103342056274470e-01
1.073687076568603516e-01
2.159302473068237527e-01
6.114670634269714355e-02
9.797756671905517856e-02
1.281062245368957686e-01
2.248336791992187611e-01
1.954508185386657770e-01
1.408252239227295033e-01
1.538419485092163141e-01
1.751609563827514759e-01
1.894694924354553278e-01
5.744911193847656028e-01
3.378138065338134877e-01
3.356441020965576505e-01
2.802425384521484708e-01
2.829018354415893666e-01
2.168799877166748269e-01
3.779448032379150724e-01
3.126599073410034624e-01
3.158236980438232644e-01
2.324651956558227706e-01
1.001517057418823270e-01
3.900456130504608571e-02
1.061274051666259849e-01
2.639118432998657227e-01
2.373255193233489990e-01
9.999999403953552246e-01
2.235472947359085083e-01
2.027762413024902510e-01
1.832033753395080622e-01
1.223657965660095298e-01
6.540922522544860562e-02
1.928093731403350899e-02
1.222586631774902344e-01
1.553103208541870284e-01
1.701106548309326283e-01
9.120037406682967793e-03
9.621499776840210238e-02
1.442083239555358998e-01
2.790669202804565638e-02
4.902807176113128940e-02
1.075865268707275474e-01
8.559620380401611328e-02
2.525085508823395053e-02
1.406150341033935713e-01
1.342948913574218694e-01
3.636092543601989607e-02
1.213869094848632896e-01
1.865085482597351185e-01
1.018580555915832575e-01
6.787767410278321145e-02
8.556969761848449985e-02
2.389857292175293080e-01
1.047284245491027915e-01
1.647031307220458984e-01
1.566037893295288141e-01
1.263252019882202259e-01
2.259073734283447432e-01
2.012176752090454324e-01
1.822458982467651534e-01
2.431802034378051924e-01
4.374860763549804910e-01
4.030882835388183705e-01
1.052984714508056752e-01
6.970208287239075540e-02
1.170327425003051813e-01
3.527013778686523549e-01
5.214625358581542747e-01
8.474440574645997204e-02
6.460455656051636297e-02
7.496778964996338168e-02
2.296045124530792236e-01
4.219598174095153809e-01
2.235472947359085083e-01
1.000000000000000000e+00
1.484111070632934681e-01
8.578770160675049106e-02
4.558008611202240407e-02
7.029840946197510321e-02
1.600176095962524414e-02
1.386060118675231934e-01
3.591436743736266951e-02
0.000000000000000000e+00
7.759632468223572055e-02
5.983033776283264160e-02
1.257450938224792536e-01
2.503669857978821009e-02
5.873922109603882391e-02
9.733535647392273227e-02
1.159240126609802357e-01
1.533767133951187238e-02
5.369640141725540335e-03
6.800715923309326449e-02
2.329728901386261125e-02
1.603059053421020674e-01
1.081527709960937583e-01
5.605126023292542059e-02
4.664715826511383473e-02
4.893218278884887973e-02
4.542245864868164201e-02
2.787114977836609164e-02
3.309037685394287248e-02
3.640211224555969100e-02
7.603118419647217352e-02
9.384897351264953613e-02
2.105504035949707087e-01
4.148114681243896817e-01
4.162214279174805132e-01
2.530359506607055553e-01
3.003118991851806974e-01
2.272021532058715876e-01
3.483246803283691628e-01
2.842851161956786998e-01
2.943666458129882701e-01
2.404064655303955189e-01
1.712844252586364913e-01
8.019266724586487927e-02
2.066445827484131026e-01
1.259546756744384932e-01
1.385165214538574274e-01
2.027762413024902510e-01
1.484111070632934681e-01
1.000000238418579102e+00
1.467423737049102783e-01
5.857085585594177385e-02
5.338172316551208912e-02
7.113224267959594727e-02
6.321618556976318914e-02
7.010001540184021551e-02
9.085581302642822821e-02
1.725147366523742676e-01
1.028432607650756891e-01
9.635611176490783969e-02
8.668449521064758301e-02
2.694218754768371721e-02
1.371732711791992243e-01
2.391148567199707087e-01
1.321596384048462081e-01
1.807627677917480469e-01
1.406651139259338379e-01
7.143733501434326727e-02
1.481054782867431696e-01
1.613903522491455245e-01
1.584174156188964955e-01
2.071736901998520036e-02
3.717302381992339949e-02
1.233576774597168052e-01
1.161193847656250000e-01
9.015483856201172985e-02
1.176074385643005454e-01
1.358536958694458174e-01
1.321996808052063044e-01
1.519647121429443526e-01
1.095958471298217884e-01
1.340978384017944280e-01
2.073635339736938643e-01
1.285694122314453292e-01
7.280576229095458984e-02
1.338376760482788141e-01
1.305598974227905329e-01
1.371517539024353083e-01
2.082442283630371316e-01
9.377686977386474887e-02
1.172440528869628934e-01
9.997164011001587192e-02
1.578062772750854492e-01
1.782250404357910156e-01
1.832033753395080622e-01
8.578770160675049106e-02
1.467423737049102783e-01
1.000000000000000000e+00
3.022049665451049805e-01
3.387283325195312722e-01
2.565752506256103738e-01
1.554312467575073298e-01
2.124165058135986384e-01
2.700359344482421986e-01
1.341138839721679743e-01
2.706208705902099498e-01
3.507606744766235685e-01
1.068441152572631864e-01
1.265498042106628362e-01
1.214609265327453724e-01
1.604374051094055176e-01
1.451081037521362305e-01
1.427810788154602051e-01
1.024841070175170898e-01
1.948540091514587569e-01
4.616268575191498358e-02
2.481002569198608454e-01
3.533302545547485629e-02
1.616513371467590554e-01
2.205553293228149636e-01
1.610458135604858620e-01
1.336617231369018610e-01
1.556170225143432839e-01
3.103897571563720703e-01
1.480358481407165472e-01
2.312847614288330300e-01
1.764635801315307673e-01
1.406446695327758789e-01
1.150352239608764676e-01
1.448616266250610518e-01
1.358507752418518233e-01
1.817824125289917159e-01
1.393764972686767634e-01
8.372531533241273083e-02
6.644749641418457031e-02
2.351804494857788197e-01
5.772899389266968051e-02
7.105717658996582586e-02
1.493731737136840820e-01
1.091961383819580189e-01
1.111796379089355497e-01
1.223657965660095298e-01
4.558008611202240407e-02
5.857085585594177385e-02
3.022049665451049805e-01
1.000000000000000000e+00
2.987889349460601807e-01
4.232656955718994141e-01
2.383022308349609375e-01
4.019730567932129350e-01
3.402295589447021928e-01
3.661702871322631836e-01
6.410672664642334817e-02
2.962475776672363614e-01
3.980966210365295688e-02
6.367894411087036965e-02
3.069619834423065186e-02
4.671008586883545338e-02
7.103807926177978238e-02
2.999382257461548074e-01
1.292582511901855524e-01
2.640410423278808927e-01
1.718989372253418024e-01
2.889495372772216686e-01
1.214860081672668457e-01
1.120905756950378446e-01
2.200677633285522683e-01
2.192779541015625056e-01
1.400779962539673018e-01
1.984281063079834095e-01
3.302881717681884766e-01
1.349957704544067494e-01
2.726531982421875333e-01
1.615144968032836970e-01
7.544996738433838723e-02
4.530289173126220842e-02
1.101047992706298828e-01
8.776904344558716931e-02
9.063506722450256903e-02
1.324648261070251465e-01
4.181265830993652344e-03
9.087180495262146829e-02
1.093460440635681263e-01
6.456435918807983121e-02
1.302653789520263616e-01
1.040798425674438477e-01
6.474128961563110907e-02
1.736795306205749512e-01
6.540922522544860562e-02
7.029840946197510321e-02
5.338172316551208912e-02
3.387283325195312722e-01
2.987889349460601807e-01
9.999998211860656738e-01
3.333568096160888783e-01
1.125521540641784696e-01
1.378234624862670898e-01
1.602106094360351562e-01
1.988779783248901534e-01
1.084805488586425837e-01
2.321184158325195479e-01
1.381987929344177246e-01
8.976606130599976141e-02
6.530312448740006014e-03
5.318608283996582170e-02
7.114686369895935336e-02
1.441038131713867354e-01
4.035939872264862616e-02
2.234076499938965066e-01
1.518631935119628962e-01
1.157812595367431752e-01
5.288248062133789340e-02
8.800171613693237582e-02
8.016799688339233676e-02
7.956269383430480957e-02
1.181453108787536704e-01
5.482751727104187567e-02
1.525707364082336537e-01
8.140555620193482000e-02
9.002871513366700329e-02
1.721242189407348744e-01
1.422635793685913252e-01
6.175109744071960449e-02
9.461152553558349609e-02
6.144852638244629323e-02
2.095534324645996205e-01
2.181073188781738337e-01
2.835626006126404017e-02
7.110706567764282782e-02
1.201596736907959012e-01
1.229984045028686551e-01
1.047071576118469294e-01
6.723307371139526645e-02
1.124967813491821317e-01
1.314102411270141602e-01
1.928093731403350899e-02
1.600176095962524414e-02
7.113224267959594727e-02
2.565752506256103738e-01
4.232656955718994141e-01
3.333568096160888783e-01
9.999999403953552246e-01
1.981670022010803278e-01
2.037192106246948353e-01
2.340676069259643721e-01
3.405210733413696622e-01
2.567664384841919153e-02
2.215950250625610407e-01
8.093851804733276367e-02
7.198107838630676825e-02
5.614166259765625278e-02
1.320951700210571400e-01
8.802136182785035012e-02
2.229967117309570312e-01
2.046113967895507868e-01
3.354545593261719083e-01
2.222596883773803877e-01
1.896718502044677790e-01
1.506254315376281960e-01
1.231908798217773438e-01
1.202139735221862821e-01
7.674108743667602817e-02
8.653065562248229980e-02
1.180705666542053306e-01
2.555396556854248047e-01
1.073345541954040527e-01
1.341439604759216420e-01
1.622897148132324274e-01
1.240808725357055720e-01
4.878137409687042375e-02
2.510466575622558733e-02
0.000000000000000000e+00
1.254459619522094727e-01
2.387463092803955300e-01
2.040957510471344202e-02
3.815593719482422014e-02
0.000000000000000000e+00
1.238870024681091309e-01
9.705270528793336071e-02
2.359617948532104492e-01
1.283656597137451116e-01
1.109379291534423884e-01
1.222586631774902344e-01
1.386060118675231934e-01
6.321618556976318914e-02
1.554312467575073298e-01
2.383022308349609375e-01
1.125521540641784696e-01
1.981670022010803278e-01
1.000000238418579102e+00
2.769557476043701394e-01
2.173011779785156417e-01
2.879536151885986328e-01
1.120667219161987360e-01
1.310401082038879506e-01
8.553932905197143832e-02
9.348869323730468750e-02
1.737080216407775879e-01
1.399726390838623158e-01
1.275276064872741810e-01
1.981152772903442549e-01
6.225512027740479071e-02
2.388658046722412220e-01
2.048819541931152510e-01
1.685834288597106989e-01
1.926568984985351785e-01
6.438256502151488980e-02
1.233335018157959012e-01
1.682775974273681696e-01
8.456857204437256970e-02
1.166858434677124079e-01
2.889859199523925892e-01
1.793121695518493652e-01
1.279595375061035323e-01
1.183069586753845298e-01
9.110049605369568981e-02
8.698077201843262829e-02
9.019397497177124301e-02
1.167018055915832603e-01
1.431977152824401855e-01
1.324693679809570424e-01
1.086154937744140681e-01
4.996090829372406422e-02
1.061638832092285240e-01
4.290345907211304266e-02
3.101374208927154541e-02
7.670446038246155063e-02
1.038082361221313588e-01
6.218619942665100375e-02
1.553103208541870284e-01
3.591436743736266951e-02
7.010001540184021551e-02
2.124165058135986384e-01
4.019730567932129350e-01
1.378234624862670898e-01
2.037192106246948353e-01
2.769557476043701394e-01
1.000000000000000000e+00
4.419581294059753418e-01
2.400231361389160156e-01
6.467117071151733121e-02
1.646887660026550293e-01
0.000000000000000000e+00
1.377090930938720814e-01
8.240988850593566895e-02
3.157734870910644531e-02
8.448027372360229770e-02
3.450973987579346036e-01
1.151742577552795493e-01
3.721219539642334206e-01
1.145034670829773032e-01
2.049652338027954102e-01
5.468385219573974887e-02
1.641558527946472279e-01
1.712483048439026045e-01
2.156213760375976785e-01
1.033815145492553711e-01
2.058597564697265681e-01
2.383712768554687722e-01
6.952728033065795621e-02
2.612822055816650391e-01
1.072176456451416071e-01
3.831792473793030340e-02
7.686171531677246649e-02
9.557457566261291781e-02
1.355729460716247614e-01
0.000000000000000000e+00
5.836107134819031039e-02
3.847227096557617743e-02
2.953751683235168735e-02
1.484970808029174860e-01
5.297117233276367465e-02
4.461206793785095492e-02
1.003638505935668945e-01
9.759815335273742953e-02
1.087527751922607450e-01
1.701106548309326283e-01
0.000000000000000000e+00
9.085581302642822821e-02
2.700359344482421986e-01
3.402295589447021928e-01
1.602106094360351562e-01
2.340676069259643721e-01
2.173011779785156417e-01
4.419581294059753418e-01
1.000000000000000000e+00
2.023384571075439453e-01
5.532838106155395924e-02
1.624526739120483454e-01
2.732003927230835030e-02
1.005801796913147056e-01
9.358663558959962048e-02
8.702065944671631692e-02
4.891152381896973073e-02
2.457657337188720870e-01
8.865674138069153110e-02
2.663998603820800781e-01
1.524510145187377985e-01
1.866189479827881081e-01
8.370213508605957309e-02
1.263272404670715277e-01
1.393584012985229492e-01
1.831960201263427845e-01
1.651796102523803711e-01
1.870470046997070312e-01
1.950788617134094349e-01
1.478709697723388783e-01
1.648445606231689620e-01
1.414205551147461049e-01
7.937483191490174450e-02
1.261738777160644476e-01
5.709262490272522250e-02
1.460723161697387862e-01
8.543192148208618442e-02
8.831074237823487161e-02
8.702334761619568565e-03
6.039215922355652133e-02
1.365114212036132868e-01
1.960600376129150446e-01
1.716161608695984109e-01
1.826257467269897516e-01
8.813850879669189731e-02
1.681930541992187611e-01
9.120037406682967793e-03
7.759632468223572055e-02
1.725147366523742676e-01
1.341138839721679743e-01
3.661702871322631836e-01
1.988779783248901534e-01
3.405210733413696622e-01
2.879536151885986328e-01
2.400231361389160156e-01
2.023384571075439453e-01
1.000000000000000000e+00
7.203274965286254883e-02
1.404906272888183649e-01
1.186387538909912109e-01
4.005075395107269426e-02
8.382727503776550571e-02
1.495044708251953292e-01
1.343202352523803766e-01
3.102860212326050138e-01
1.839678287506103516e-01
2.456542730331421065e-01
2.223064422607421986e-01
1.784215331077575739e-01
1.429802417755126898e-01
3.418386876583099504e-02
8.851736187934876321e-02
1.492942810058593694e-01
1.235646247863769615e-01
1.295502305030822865e-01
2.928220748901367299e-01
2.313940525054931641e-01
2.040843009948730691e-01
2.059614658355712891e-01
1.009354114532470814e-01
8.589978218078614391e-02
7.673645019531250000e-02
4.106552004814148504e-02
1.414593338966369795e-01
2.499913215637207253e-01
2.160048037767410556e-02
2.219992727041244715e-02
7.942882776260376532e-02
1.649154782295227106e-01
8.508309125900269387e-02
2.771734952926636075e-01
5.650614500045776645e-02
3.019617199897766183e-02
9.621499776840210238e-02
5.983033776283264160e-02
1.028432607650756891e-01
2.706208705902099498e-01
6.410672664642334817e-02
1.084805488586425837e-01
2.567664384841919153e-02
1.120667219161987360e-01
6.467117071151733121e-02
5.532838106155395924e-02
7.203274965286254883e-02
1.000000119209289551e+00
1.333985328674316406e-01
5.156915783882141252e-02
4.605420827865600725e-02
4.650287926197052557e-02
2.237869262695312556e-01
1.194569230079650934e-01
5.651795268058776994e-02
5.285488963127136369e-02
1.205351710319519098e-01
1.145387291908264195e-02
1.179789304733276367e-01
1.622105598449707087e-01
8.135443925857544292e-03
5.955520272254943848e-02
7.888155579566956399e-02
1.156579494476318443e-01
5.070714354515076100e-02
1.878427505493164285e-01
1.701709747314453236e-01
1.482091546058654785e-01
8.670182228088380016e-02
8.315526247024536410e-02
2.113515287637710710e-02
1.715888619422912820e-01
1.740559488534927299e-02
1.324250698089599609e-01
8.413966894149781106e-02
2.596890926361083984e-02
1.920946836471557756e-02
1.945034146308899092e-01
7.798703908920288919e-02
9.767889976501464844e-02
5.735008716583252231e-02
1.603402376174926924e-01
1.398488521575927679e-01
1.442083239555358998e-01
1.257450938224792536e-01
9.635611176490783969e-02
3.507606744766235685e-01
2.962475776672363614e-01
2.321184158325195479e-01
2.215950250625610407e-01
1.310401082038879506e-01
1.646887660026550293e-01
1.624526739120483454e-01
1.404906272888183649e-01
1.333985328674316406e-01
1.000000000000000000e+00
8.813831806182861883e-02
1.110147476196289146e-01
4.777297973632813055e-02
4.195573925971984863e-02
3.703672289848327498e-02
9.211127161979676403e-02
3.402468860149383822e-02
1.176394701004028348e-01
1.098867893218994224e-01
2.646806478500366433e-01
9.938336014747620184e-02
1.667066216468811035e-01
1.228639602661132924e-01
2.088697910308837946e-01
8.940463066101074496e-02
2.011749267578125111e-01
2.359256267547607533e-01
1.638338923454284723e-01
2.522817373275756947e-01
1.773093223571777510e-01
8.545634746551514227e-02
3.715538382530212541e-02
1.271294593811035101e-01
4.809398949146270752e-02
2.163296461105346791e-01
1.736100316047668457e-01
2.187975943088531564e-02
1.045091629028320340e-01
1.173103213310241755e-01
2.623090028762817272e-01
2.339334487915039062e-01
1.244555354118347251e-01
1.708184182643890381e-02
1.178218722343444824e-01
2.790669202804565638e-02
2.503669857978821009e-02
8.668449521064758301e-02
1.068441152572631864e-01
3.980966210365295688e-02
1.381987929344177246e-01
8.093851804733276367e-02
8.553932905197143832e-02
0.000000000000000000e+00
2.732003927230835030e-02
1.186387538909912109e-01
5.156915783882141252e-02
8.813831806182861883e-02
9.999998807907104492e-01
3.967350721359252930e-01
2.051858603954315186e-02
1.068528145551681519e-01
5.349475145339965820e-01
4.743594527244568426e-02
2.465307265520096103e-02
2.863630354404449532e-02
1.373930275440216064e-02
8.011769056320190707e-02
4.363383948802948553e-02
0.000000000000000000e+00
0.000000000000000000e+00
2.580101490020752023e-02
1.029778480529785212e-01
5.534106492996215820e-02
7.399629354476928988e-02
1.950402498245239480e-01
4.097779989242553850e-02
9.143761992454529919e-02
8.498616814613342563e-02
0.000000000000000000e+00
5.560442805290222168e-02
1.286526024341583295e-03
1.354847192764282171e-01
8.936713337898255505e-02
1.792623996734619141e-01
4.251888990402222235e-02
4.840905666351318776e-02
1.287701725959777832e-01
1.123243212699890220e-01
6.404998302459717630e-02
0.000000000000000000e+00
4.454354941844940186e-02
4.902807176113128940e-02
5.873922109603882391e-02
2.694218754768371721e-02
1.265498042106628362e-01
6.367894411087036965e-02
8.976606130599976141e-02
7.198107838630676825e-02
9.348869323730468750e-02
1.377090930938720814e-01
1.005801796913147056e-01
4.005075395107269426e-02
4.605420827865600725e-02
1.110147476196289146e-01
3.967350721359252930e-01
9.999998807907104492e-01
8.397869765758514404e-03
1.479165405035018921e-01
2.431953698396682739e-01
1.018418312072753990e-01
6.662733554840087613e-02
1.686492919921875056e-01
8.033712208271027305e-03
6.609944999217987407e-03
0.000000000000000000e+00
2.239224314689636230e-02
2.457131445407867432e-02
7.081533074378967840e-02
1.137560248374939048e-01
1.163628339767456138e-01
6.864719390869140903e-02
0.000000000000000000e+00
8.029903769493103305e-02
1.007961034774780273e-01
7.091543674468994696e-02
7.028304785490036705e-03
1.220025300979614286e-01
5.124408602714539129e-02
6.121921539306640798e-03
1.113559722900390736e-01
5.874623656272888461e-02
1.171648263931274470e-01
4.516856372356414795e-02
1.182134985923767173e-01
1.459991633892059396e-02
9.744226336479187844e-02
1.627738118171692117e-01
1.457283020019531361e-01
1.075865268707275474e-01
9.733535647392273227e-02
1.371732711791992243e-01
1.214609265327453724e-01
3.069619834423065186e-02
6.530312448740006014e-03
5.614166259765625278e-02
1.737080216407775879e-01
8.240988850593566895e-02
9.358663558959962048e-02
8.382727503776550571e-02
4.650287926197052557e-02
4.777297973632813055e-02
2.051858603954315186e-02
8.397869765758514404e-03
9.999997615814208984e-01
2.411212027072906494e-01
2.072607576847076416e-01
2.073275804519653376e-01
5.748381614685058733e-02
1.310148239135742188e-01
2.400116682052612360e-01
5.254431366920471469e-02
1.079849958419799860e-01
4.554843902587890625e-02
9.380527734756470559e-02
7.178037762641907571e-02
1.303617060184478899e-02
6.548455357551574707e-02
2.111669301986694447e-01
5.647566914558410645e-02
4.026141464710236012e-02
7.203643918037415383e-02
8.657248020172120251e-02
1.656031608581542969e-01
1.813331842422485352e-01
1.800832748413085938e-01
7.967948913574218750e-02
4.428905993700027986e-03
3.120810508728027455e-01
1.006018996238708524e-01
1.385306119918823242e-01
2.962807178497314786e-01
2.030692815780639759e-01
2.863311290740966908e-01
1.805641531944275069e-01
1.344753980636596846e-01
8.559620380401611328e-02
1.159240126609802357e-01
2.391148567199707087e-01
1.604374051094055176e-01
4.671008586883545338e-02
5.318608283996582170e-02
1.320951700210571400e-01
1.399726390838623158e-01
3.157734870910644531e-02
8.702065944671631692e-02
1.495044708251953292e-01
2.237869262695312556e-01
4.195573925971984863e-02
1.068528145551681519e-01
1.479165405035018921e-01
2.411212027072906494e-01
1.000000000000000000e+00
2.362641245126724243e-01
5.781079530715942799e-02
6.902639865875244418e-02
1.090616822242736900e-01
1.002738595008850209e-01
1.017565608024597196e-01
1.765808939933777022e-01
4.079397320747375766e-02
2.705053985118865967e-02
3.623421192169189869e-02
8.217076659202576794e-02
6.233357787132263322e-02
1.815798521041870339e-01
1.165494680404663141e-01
5.287411212921142717e-02
1.353542447090148870e-01
1.347375869750976618e-01
1.188060522079467801e-01
2.425927162170410378e-01
1.365098834037780928e-01
1.883145809173584206e-01
1.406239509582519476e-01
1.296634435653686579e-01
1.174352526664733942e-01
1.682408452033996582e-01
2.892946004867553711e-01
2.392461299896240234e-01
2.047062635421753041e-01
5.831362605094909946e-02
1.572583913803100586e-01
2.525085508823395053e-02
1.533767133951187238e-02
1.321596384048462081e-01
1.451081037521362305e-01
7.103807926177978238e-02
7.114686369895935336e-02
8.802136182785035012e-02
1.275276064872741810e-01
8.448027372360229770e-02
4.891152381896973073e-02
1.343202352523803766e-01
1.194569230079650934e-01
3.703672289848327498e-02
5.349475145339965820e-01
2.431953698396682739e-01
2.072607576847076416e-01
2.362641245126724243e-01
9.999998807907104492e-01
1.519330739974975586e-01
4.281450510025024830e-02
9.820798635482788641e-02
7.989450693130493997e-02
1.355796217918396052e-01
9.741320610046387551e-02
0.000000000000000000e+00
3.531549870967864990e-02
9.807161092758179266e-02
7.154941558837890625e-02
1.388250291347503662e-02
1.827445030212402344e-01
1.336148738861084040e-01
1.263915538787841741e-01
1.680962800979614313e-01
4.546905755996704518e-02
5.334833264350891113e-02
1.116767883300781306e-01
7.536178231239319680e-02
1.374612450599670410e-01
7.184849381446838101e-02
1.576554536819458063e-01
3.446269929409027238e-02
9.835012555122375766e-02
7.466900348663330078e-02
5.403825044631958147e-02
2.504677534103393888e-01
1.461001634597778320e-01
1.460150480270385742e-01
1.406150341033935713e-01
5.369640141725540335e-03
1.807627677917480469e-01
1.427810788154602051e-01
2.999382257461548074e-01
1.441038131713867354e-01
2.229967117309570312e-01
1.981152772903442549e-01
3.450973987579346036e-01
2.457657337188720870e-01
3.102860212326050138e-01
5.651795268058776994e-02
9.211127161979676403e-02
4.743594527244568426e-02
1.018418312072753990e-01
2.073275804519653376e-01
5.781079530715942799e-02
1.519330739974975586e-01
1.000000000000000000e+00
1.922878503799438643e-01
3.059012889862060547e-01
2.942742347717285378e-01
1.668743848800659235e-01
4.725057482719421942e-02
4.792073071002960621e-02
4.343096315860748430e-02
1.404363393783569502e-01
6.762604713439941684e-02
6.403602957725525180e-02
1.431700587272644043e-01
3.735175728797912598e-02
1.667821526527404896e-01
1.635638117790222390e-01
5.635260343551636020e-02
1.516198873519897516e-01
1.470275640487671009e-01
1.342778086662292647e-01
8.678496479988098700e-02
8.033055663108826239e-02
1.701601505279541071e-01
1.077910661697387695e-01
1.019882559776306152e-01
1.459532976150512695e-01
9.052163362503051758e-02
6.815975904464721680e-02
5.231467485427857000e-02
2.707507014274597446e-02
1.342948913574218694e-01
6.800715923309326449e-02
1.406651139259338379e-01
1.024841070175170898e-01
1.292582511901855524e-01
4.035939872264862616e-02
2.046113967895507868e-01
6.225512027740479071e-02
1.151742577552795493e-01
8.865674138069153110e-02
1.839678287506103516e-01
5.285488963127136369e-02
3.402468860149383822e-02
2.465307265520096103e-02
6.662733554840087613e-02
5.748381614685058733e-02
6.902639865875244418e-02
4.281450510025024830e-02
1.922878503799438643e-01
9.999999403953552246e-01
1.292325019836425837e-01
1.268564224243164118e-01
5.947082042694092074e-02
4.563632905483246127e-02
3.471913337707519670e-02
5.387971401214600164e-02
2.663458138704300274e-03
4.749719798564910889e-02
1.408566236495971749e-02
1.098107337951660240e-01
6.467902660369873047e-02
3.077875971794128557e-02
2.053675949573516984e-02
4.985886216163635393e-02
1.249361991882324274e-01
1.123524665832519587e-01
7.948603034019470492e-02
8.624311089515686313e-02
1.089771032333374107e-01
4.277231991291046559e-02
1.284832715988159235e-01
8.865425586700440008e-02
8.846302032470704235e-02
2.237442731857300013e-02
1.028467655181884849e-01
6.066731214523315985e-02
1.163103342056274470e-01
3.636092543601989607e-02
2.329728901386261125e-02
7.143733501434326727e-02
1.948540091514587569e-01
2.640410423278808927e-01
2.234076499938965066e-01
3.354545593261719083e-01
2.388658046722412220e-01
3.721219539642334206e-01
2.663998603820800781e-01
2.456542730331421065e-01
1.205351710319519098e-01
1.176394701004028348e-01
2.863630354404449532e-02
1.686492919921875056e-01
1.310148239135742188e-01
1.090616822242736900e-01
9.820798635482788641e-02
3.059012889862060547e-01
1.292325019836425837e-01
1.000000119209289551e+00
2.088899463415145874e-01
1.587076783180236816e-01
5.563925504684448520e-02
1.133352041244506947e-01
1.354368686676025446e-01
1.056190729141235352e-01
9.252636432647705356e-02
1.680707454681396595e-01
1.974658489227295033e-01
5.868884325027465959e-02
1.590296030044555664e-01
1.710349082946777399e-01
6.985020041465760110e-02
1.509425938129425188e-02
4.782275259494781633e-02
2.024813592433929652e-02
3.917856812477112094e-02
1.788721680641174316e-01
9.549655914306641458e-02
0.000000000000000000e+00
5.824607610702514648e-02
6.896498203277588723e-02
7.129474282264709750e-02
9.410439729690552035e-02
1.166635394096374595e-01
1.073687076568603516e-01
1.213869094848632896e-01
1.603059053421020674e-01
1.481054782867431696e-01
4.616268575191498358e-02
1.718989372253418024e-01
1.518631935119628962e-01
2.222596883773803877e-01
2.048819541931152510e-01
1.145034670829773032e-01
1.524510145187377985e-01
2.223064422607421986e-01
1.145387291908264195e-02
1.098867893218994224e-01
1.373930275440216064e-02
8.033712208271027305e-03
2.400116682052612360e-01
1.002738595008850209e-01
7.989450693130493997e-02
2.942742347717285378e-01
1.268564224243164118e-01
2.088899463415145874e-01
1.000000000000000000e+00
1.557973504066467452e-01
1.007661342620849720e-01
1.075101613998413197e-01
5.711207389831543524e-02
6.700499057769775113e-02
4.387266933917999268e-02
6.999735832214355746e-02
1.517350554466247725e-01
9.371387362480164407e-02
1.220628023147583008e-01
1.313465833663940430e-01
1.343867421150207464e-01
1.432652950286865401e-01
1.966133594512939620e-01
9.530863761901856024e-02
1.488674402236938588e-01
1.380186319351196234e-01
1.190901041030883872e-01
1.627425670623779408e-01
1.179674506187439048e-01
4.636396467685699463e-02
4.194079339504241943e-02
2.133831262588501143e-01
1.826001286506652999e-01
2.159302473068237527e-01
1.865085482597351185e-01
1.081527709960937583e-01
1.613903522491455245e-01
2.481002569198608454e-01
2.889495372772216686e-01
1.157812595367431752e-01
1.896718502044677790e-01
1.685834288597106989e-01
2.049652338027954102e-01
1.866189479827881081e-01
1.784215331077575739e-01
1.179789304733276367e-01
2.646806478500366433e-01
8.011769056320190707e-02
6.609944999217987407e-03
5.254431366920471469e-02
1.017565608024597196e-01
1.355796217918396052e-01
1.668743848800659235e-01
5.947082042694092074e-02
1.587076783180236816e-01
1.557973504066467452e-01
1.000000238418579102e+00
1.510526239871978760e-01
4.186687469482421875e-01
4.331611156463623380e-01
4.160883903503418413e-01
1.775788307189941628e-01
3.737082719802856667e-01
4.187648773193359819e-01
3.487926959991455300e-01
4.894805908203125333e-01
3.063322544097900613e-01
1.185379266738891685e-01
7.309994697570801336e-02
1.390377879142761230e-01
5.714855194091797430e-02
1.228415966033935547e-01
1.448709487915039174e-01
3.669570088386536061e-02
7.749212980270386852e-02
2.091972112655639815e-01
1.518886804580688588e-01
1.124759197235107450e-01
1.628693938255310059e-01
1.443724751472473256e-01
6.114670634269714355e-02
1.018580555915832575e-01
5.605126023292542059e-02
1.584174156188964955e-01
3.533302545547485629e-02
1.214860081672668457e-01
5.288248062133789340e-02
1.506254315376281960e-01
1.926568984985351785e-01
5.468385219573974887e-02
8.370213508605957309e-02
1.429802417755126898e-01
1.622105598449707087e-01
9.938336014747620184e-02
4.363383948802948553e-02
0.000000000000000000e+00
1.079849958419799860e-01
1.765808939933777022e-01
9.741320610046387551e-02
4.725057482719421942e-02
4.563632905483246127e-02
5.563925504684448520e-02
1.007661342620849720e-01
1.510526239871978760e-01
1.000000000000000000e+00
8.426184058189392645e-02
9.125974774360656738e-02
1.606751918792724831e-01
1.570004940032959095e-01
9.013143777847290594e-02
2.249036312103271651e-01
2.298964262008666992e-01
3.835801482200622975e-02
6.299182176589966653e-02
4.205529689788818637e-02
0.000000000000000000e+00
1.116214513778686634e-01
5.711830258369446356e-02
1.587546229362487848e-01
5.855305194854736744e-02
2.933223247528076241e-02
1.056228876113891602e-01
5.363568067550659318e-02
0.000000000000000000e+00
2.696318179368972865e-03
2.828649580478668352e-02
4.339090287685394565e-02
9.797756671905517856e-02
6.787767410278321145e-02
4.664715826511383473e-02
2.071736901998520036e-02
1.616513371467590554e-01
1.120905756950378446e-01
8.800171613693237582e-02
1.231908798217773438e-01
6.438256502151488980e-02
1.641558527946472279e-01
1.263272404670715277e-01
3.418386876583099504e-02
8.135443925857544292e-03
1.667066216468811035e-01
0.000000000000000000e+00
2.239224314689636230e-02
4.554843902587890625e-02
4.079397320747375766e-02
0.000000000000000000e+00
4.792073071002960621e-02
3.471913337707519670e-02
1.133352041244506947e-01
1.075101613998413197e-01
4.186687469482421875e-01
8.426184058189392645e-02
9.999999403953552246e-01
6.687464714050292969e-01
1.851901412010192871e-01
1.084184497594833374e-01
5.090852379798889160e-01
3.069289326667785645e-01
5.761940479278564869e-02
3.773568153381348100e-01
1.113257646560669029e-01
3.954519033432007252e-02
6.814835667610168179e-02
0.000000000000000000e+00
5.508810281753540039e-03
5.571847558021545549e-02
8.550710082054138739e-02
0.000000000000000000e+00
0.000000000000000000e+00
9.705558419227600098e-02
0.000000000000000000e+00
3.191290497779846608e-02
9.211193323135376254e-02
6.850497722625732699e-02
1.281062245368957686e-01
8.556969761848449985e-02
4.893218278884887973e-02
3.717302381992339949e-02
2.205553293228149636e-01
2.200677633285522683e-01
8.016799688339233676e-02
1.202139735221862821e-01
1.233335018157959012e-01
1.712483048439026045e-01
1.393584012985229492e-01
8.851736187934876321e-02
5.955520272254943848e-02
1.228639602661132924e-01
0.000000000000000000e+00
2.457131445407867432e-02
9.380527734756470559e-02
2.705053985118865967e-02
3.531549870967864990e-02
4.343096315860748430e-02
5.387971401214600164e-02
1.354368686676025446e-01
5.711207389831543524e-02
4.331611156463623380e-01
9.125974774360656738e-02
6.687464714050292969e-01
1.000000119209289551e+00
2.884714305400848389e-01
2.264523804187774658e-01
4.684714078903198242e-01
4.982655644416809082e-01
1.763039708137512374e-01
3.336125850677490456e-01
1.095368504524231040e-01
1.124990940093994196e-01
2.794750928878784318e-02
0.000000000000000000e+00
3.851178288459777832e-02
6.421305239200592258e-04
1.342827796936035267e-01
3.559850752353668074e-02
0.000000000000000000e+00
1.343788146972656194e-01
8.517814874649048962e-02
2.153714299201965610e-02
1.001599073410034263e-01
1.933907270431518555e-01
2.248336791992187611e-01
2.389857292175293080e-01
4.542245864868164201e-02
1.233576774597168052e-01
1.610458135604858620e-01
2.192779541015625056e-01
7.956269383430480957e-02
7.674108743667602817e-02
1.682775974273681696e-01
2.156213760375976785e-01
1.831960201263427845e-01
1.492942810058593694e-01
7.888155579566956399e-02
2.088697910308837946e-01
2.580101490020752023e-02
7.081533074378967840e-02
7.178037762641907571e-02
3.623421192169189869e-02
9.807161092758179266e-02
1.404363393783569502e-01
2.663458138704300274e-03
1.056190729141235352e-01
6.700499057769775113e-02
4.160883903503418413e-01
1.606751918792724831e-01
1.851901412010192871e-01
2.884714305400848389e-01
1.000000238418579102e+00
4.033436775207519531e-01
3.835254907608032227e-01
4.511308073997497559e-01
3.801725387573242632e-01
3.569129467010498380e-01
3.544679164886475053e-01
9.950525760650635876e-02
5.573721528053283969e-02
1.771549701690673939e-01
1.288774847984313909e-01
4.780971407890319963e-02
1.144872784614563016e-01
0.000000000000000000e+00
1.178589820861816462e-01
1.820828437805175892e-01
1.923370361328125000e-01
1.890535354614257812e-01
8.797748684883117953e-02
5.759387016296386996e-02
1.954508185386657770e-01
1.047284245491027915e-01
2.787114977836609164e-02
1.161193847656250000e-01
1.336617231369018610e-01
1.400779962539673018e-01
1.181453108787536704e-01
8.653065562248229980e-02
8.456857204437256970e-02
1.033815145492553711e-01
1.651796102523803711e-01
1.235646247863769615e-01
1.156579494476318443e-01
8.940463066101074496e-02
1.029778480529785212e-01
1.137560248374939048e-01
1.303617060184478899e-02
8.217076659202576794e-02
7.154941558837890625e-02
6.762604713439941684e-02
4.749719798564910889e-02
9.252636432647705356e-02
4.387266933917999268e-02
1.775788307189941628e-01
1.570004940032959095e-01
1.084184497594833374e-01
2.264523804187774658e-01
4.033436775207519531e-01
1.000000238418579102e+00
3.943077921867370605e-01
3.896524310111999512e-01
3.599546432495117632e-01
2.212103128433227650e-01
1.834497094154358132e-01
1.021487593650817899e-01
0.000000000000000000e+00
1.367513656616211049e-01
8.869398832321168102e-02
3.846096396446228166e-02
1.455942630767822210e-01
1.119600415229797391e-01
1.671556711196899581e-01
1.343719005584716741e-01
1.353268861770629827e-01
1.009401798248291127e-01
8.438551425933837891e-02
1.152535676956176758e-01
1.408252239227295033e-01
1.647031307220458984e-01
3.309037685394287248e-02
9.015483856201172985e-02
1.556170225143432839e-01
1.984281063079834095e-01
5.482751727104187567e-02
1.180705666542053306e-01
1.166858434677124079e-01
2.058597564697265681e-01
1.870470046997070312e-01
1.295502305030822865e-01
5.070714354515076100e-02
2.011749267578125111e-01
5.534106492996215820e-02
1.163628339767456138e-01
6.548455357551574707e-02
6.233357787132263322e-02
1.388250291347503662e-02
6.403602957725525180e-02
1.408566236495971749e-02
1.680707454681396595e-01
6.999735832214355746e-02
3.737082719802856667e-01
9.013143777847290594e-02
5.090852379798889160e-01
4.684714078903198242e-01
3.835254907608032227e-01
3.943077921867370605e-01
9.999998807907104492e-01
3.999883532524108887e-01
2.914516925811767578e-01
4.490475654602050781e-01
1.778889179229736495e-01
1.187302350997924832e-01
6.859662532806397317e-02
7.891849279403687079e-02
9.635713100433350442e-02
4.775496125221252719e-02
1.198444008827209556e-01
5.801740288734436035e-02
3.834745287895202637e-02
1.623633861541748102e-01
1.398382544517517145e-01
1.209229946136474720e-01
2.277928829193115456e-01
1.131785988807678250e-01
1.538419485092163141e-01
1.566037893295288141e-01
3.640211224555969100e-02
1.176074385643005454e-01
3.103897571563720703e-01
3.302881717681884766e-01
1.525707364082336537e-01
2.555396556854248047e-01
2.889859199523925892e-01
2.383712768554687722e-01
1.950788617134094349e-01
2.928220748901367299e-01
1.878427505493164285e-01
2.359256267547607533e-01
7.399629354476928988e-02
6.864719390869140903e-02
2.111669301986694447e-01
1.815798521041870339e-01
1.827445030212402344e-01
1.431700587272644043e-01
1.098107337951660240e-01
1.974658489227295033e-01
1.517350554466247725e-01
4.187648773193359819e-01
2.249036312103271651e-01
3.069289326667785645e-01
4.982655644416809082e-01
4.511308073997497559e-01
3.896524310111999512e-01
3.999883532524108887e-01
1.000000119209289551e+00
3.464634895324707475e-01
3.266915798187255970e-01
1.898290276527404841e-01
8.308490514755249856e-02
3.204700052738190114e-02
1.002817392349243247e-01
9.685885906219482422e-02
8.607496023178101696e-02
1.303515195846557673e-01
5.449286699295044500e-02
5.439040064811706543e-02
1.537190556526184249e-01
1.956674695014953835e-01
1.992394685745239313e-01
2.275200128555298074e-01
1.471780300140380915e-01
1.751609563827514759e-01
1.263252019882202259e-01
7.603118419647217352e-02
1.358536958694458174e-01
1.480358481407165472e-01
1.349957704544067494e-01
8.140555620193482000e-02
1.073345541954040527e-01
1.793121695518493652e-01
6.952728033065795621e-02
1.478709697723388783e-01
2.313940525054931641e-01
1.701709747314453236e-01
1.638338923454284723e-01
1.950402498245239480e-01
0.000000000000000000e+00
5.647566914558410645e-02
1.165494680404663141e-01
1.336148738861084040e-01
3.735175728797912598e-02
6.467902660369873047e-02
5.868884325027465959e-02
9.371387362480164407e-02
3.487926959991455300e-01
2.298964262008666992e-01
5.761940479278564869e-02
1.763039708137512374e-01
3.801725387573242632e-01
3.599546432495117632e-01
2.914516925811767578e-01
3.464634895324707475e-01
1.000000119209289551e+00
2.627283811569213756e-01
2.168942213058471791e-01
1.732739925384521595e-01
1.446467638015747070e-02
7.750477790832520364e-02
7.217881679534912664e-02
1.735253334045410156e-01
1.063083767890930231e-01
5.383453369140625555e-02
5.841675996780396063e-02
1.452795743942260909e-01
7.620412111282348633e-02
7.792432904243469516e-02
7.541348934173584817e-02
1.426481366157531794e-01
1.894694924354553278e-01
2.259073734283447432e-01
9.384897351264953613e-02
1.321996808052063044e-01
2.312847614288330300e-01
2.726531982421875333e-01
9.002871513366700329e-02
1.341439604759216420e-01
1.279595375061035323e-01
2.612822055816650391e-01
1.648445606231689620e-01
2.040843009948730691e-01
1.482091546058654785e-01
2.522817373275756947e-01
4.097779989242553850e-02
8.029903769493103305e-02
4.026141464710236012e-02
5.287411212921142717e-02
1.263915538787841741e-01
1.667821526527404896e-01
3.077875971794128557e-02
1.590296030044555664e-01
1.220628023147583008e-01
4.894805908203125333e-01
3.835801482200622975e-02
3.773568153381348100e-01
3.336125850677490456e-01
3.569129467010498380e-01
2.212103128433227650e-01
4.490475654602050781e-01
3.266915798187255970e-01
2.627283811569213756e-01
1.000000119209289551e+00
2.769545793533325084e-01
1.025459289550781361e-01
1.065904378890991239e-01
2.172312259674072377e-01
1.258899450302124190e-01
6.801299452781676969e-02
1.486568689346313421e-01
3.769274950027465959e-02
1.178041696548461914e-01
2.720781326293945646e-01
6.294339895248413086e-02
4.740684926509857594e-02
9.191427230834961493e-02
3.068962574005127397e-01
5.744911193847656028e-01
2.012176752090454324e-01
2.105504035949707087e-01
1.519647121429443526e-01
1.764635801315307673e-01
1.615144968032836970e-01
1.721242189407348744e-01
1.622897148132324274e-01
1.183069586753845298e-01
1.072176456451416071e-01
1.414205551147461049e-01
2.059614658355712891e-01
8.670182228088380016e-02
1.773093223571777510e-01
9.143761992454529919e-02
1.007961034774780273e-01
7.203643918037415383e-02
1.353542447090148870e-01
1.680962800979614313e-01
1.635638117790222390e-01
2.053675949573516984e-02
1.710349082946777399e-01
1.313465833663940430e-01
3.063322544097900613e-01
6.299182176589966653e-02
1.113257646560669029e-01
1.095368504524231040e-01
3.544679164886475053e-01
1.834497094154358132e-01
1.778889179229736495e-01
1.898290276527404841e-01
2.168942213058471791e-01
2.769545793533325084e-01
1.000000238418579102e+00
3.845040798187255859e-01
3.251661360263824463e-01
2.938215970993042214e-01
2.297095298767090066e-01
1.786047339439392201e-01
2.970468044281006081e-01
9.966986179351806918e-02
2.816368103027344083e-01
2.279474258422851674e-01
1.366052627563476562e-01
7.739539146423340954e-02
9.503771066665650524e-02
2.916049003601074441e-01
3.378138065338134877e-01
1.822458982467651534e-01
4.148114681243896817e-01
1.095958471298217884e-01
1.406446695327758789e-01
7.544996738433838723e-02
1.422635793685913252e-01
1.240808725357055720e-01
9.110049605369568981e-02
3.831792473793030340e-02
7.937483191490174450e-02
1.009354114532470814e-01
8.315526247024536410e-02
8.545634746551514227e-02
8.498616814613342563e-02
7.091543674468994696e-02
8.657248020172120251e-02
1.347375869750976618e-01
4.546905755996704518e-02
5.635260343551636020e-02
4.985886216163635393e-02
6.985020041465760110e-02
1.343867421150207464e-01
1.185379266738891685e-01
4.205529689788818637e-02
3.954519033432007252e-02
1.124990940093994196e-01
9.950525760650635876e-02
1.021487593650817899e-01
1.187302350997924832e-01
8.308490514755249856e-02
1.732739925384521595e-01
1.025459289550781361e-01
3.845040798187255859e-01
1.000000000000000000e+00
4.452756643295288086e-01
1.911538004875183161e-01
3.207970619201660489e-01
1.358044743537902832e-01
3.040565252304077148e-01
3.098640918731689897e-01
2.802195072174072377e-01
2.538279056549072599e-01
5.759475827217102467e-02
6.620417535305023367e-03
9.296905994415283203e-02
2.463338375091552734e-01
3.356441020965576505e-01
2.431802034378051924e-01
4.162214279174805132e-01
1.340978384017944280e-01
1.150352239608764676e-01
4.530289173126220842e-02
6.175109744071960449e-02
4.878137409687042375e-02
8.698077201843262829e-02
7.686171531677246649e-02
1.261738777160644476e-01
8.589978218078614391e-02
2.113515287637710710e-02
3.715538382530212541e-02
0.000000000000000000e+00
7.028304785490036705e-03
1.656031608581542969e-01
1.188060522079467801e-01
5.334833264350891113e-02
1.516198873519897516e-01
1.249361991882324274e-01
1.509425938129425188e-02
1.432652950286865401e-01
7.309994697570801336e-02
0.000000000000000000e+00
6.814835667610168179e-02
2.794750928878784318e-02
5.573721528053283969e-02
0.000000000000000000e+00
6.859662532806397317e-02
3.204700052738190114e-02
1.446467638015747070e-02
1.065904378890991239e-01
3.251661360263824463e-01
4.452756643295288086e-01
1.000000000000000000e+00
2.398040056228637751e-01
4.296032428741455300e-01
2.391193151473999245e-01
3.119451522827148549e-01
2.519568443298340066e-01
2.402682781219482588e-01
2.909764289855957253e-01
1.655826210975647195e-01
9.940125346183777133e-02
1.721625685691833552e-01
1.692680358886718972e-01
2.802425384521484708e-01
4.374860763549804910e-01
2.530359506607055553e-01
2.073635339736938643e-01
1.448616266250610518e-01
1.101047992706298828e-01
9.461152553558349609e-02
2.510466575622558733e-02
9.019397497177124301e-02
9.557457566261291781e-02
5.709262490272522250e-02
7.673645019531250000e-02
1.715888619422912820e-01
1.271294593811035101e-01
5.560442805290222168e-02
1.220025300979614286e-01
1.813331842422485352e-01
2.425927162170410378e-01
1.116767883300781306e-01
1.470275640487671009e-01
1.123524665832519587e-01
4.782275259494781633e-02
1.966133594512939620e-01
1.390377879142761230e-01
1.116214513778686634e-01
0.000000000000000000e+00
0.000000000000000000e+00
1.771549701690673939e-01
1.367513656616211049e-01
7.891849279403687079e-02
1.002817392349243247e-01
7.750477790832520364e-02
2.172312259674072377e-01
2.938215970993042214e-01
1.911538004875183161e-01
2.398040056228637751e-01
9.999998211860656738e-01
4.231772124767303467e-01
2.250840812921524048e-01
2.380167543888092041e-01
2.099982738494873269e-01
5.640883445739746094e-01
4.610930442810058927e-01
8.927332758903504251e-02
5.946638584136963029e-02
9.724833965301514505e-02
3.519899129867554155e-01
2.829018354415893666e-01
4.030882835388183705e-01
3.003118991851806974e-01
1.285694122314453292e-01
1.358507752418518233e-01
8.776904344558716931e-02
6.144852638244629323e-02
0.000000000000000000e+00
1.167018055915832603e-01
1.355729460716247614e-01
1.460723161697387862e-01
4.106552004814148504e-02
1.740559488534927299e-02
4.809398949146270752e-02
1.286526024341583295e-03
5.124408602714539129e-02
1.800832748413085938e-01
1.365098834037780928e-01
7.536178231239319680e-02
1.342778086662292647e-01
7.948603034019470492e-02
2.024813592433929652e-02
9.530863761901856024e-02
5.714855194091797430e-02
5.711830258369446356e-02
5.508810281753540039e-03
3.851178288459777832e-02
1.288774847984313909e-01
8.869398832321168102e-02
9.635713100433350442e-02
9.685885906219482422e-02
7.217881679534912664e-02
1.258899450302124190e-01
2.297095298767090066e-01
3.207970619201660489e-01
4.296032428741455300e-01
4.231772124767303467e-01
9.999998807907104492e-01
1.781173497438430786e-01
1.971379071474075317e-01
2.488667011260986550e-01
4.186538696289062722e-01
4.725950241088867632e-01
1.401518225669860784e-01
1.035228729248046931e-01
2.279410839080810713e-01
1.427770733833313155e-01
2.168799877166748269e-01
1.052984714508056752e-01
2.272021532058715876e-01
7.280576229095458984e-02
1.817824125289917159e-01
9.063506722450256903e-02
2.095534324645996205e-01
1.254459619522094727e-01
1.431977152824401855e-01
0.000000000000000000e+00
8.543192148208618442e-02
1.414593338966369795e-01
1.324250698089599609e-01
2.163296461105346791e-01
1.354847192764282171e-01
6.121921539306640798e-03
7.967948913574218750e-02
1.883145809173584206e-01
1.374612450599670410e-01
8.678496479988098700e-02
8.624311089515686313e-02
3.917856812477112094e-02
1.488674402236938588e-01
1.228415966033935547e-01
1.587546229362487848e-01
5.571847558021545549e-02
6.421305239200592258e-04
4.780971407890319963e-02
3.846096396446228166e-02
4.775496125221252719e-02
8.607496023178101696e-02
1.735253334045410156e-01
6.801299452781676969e-02
1.786047339439392201e-01
1.358044743537902832e-01
2.391193151473999245e-01
2.250840812921524048e-01
1.781173497438430786e-01
1.000000000000000000e+00
3.088059723377227783e-01
1.524568796157836914e-01
1.425453543663025013e-01
1.606217861175537331e-01
1.942567944526672474e-01
1.716946363449096680e-01
1.595054388046264759e-01
1.215870499610900990e-01
3.779448032379150724e-01
6.970208287239075540e-02
3.483246803283691628e-01
1.338376760482788141e-01
1.393764972686767634e-01
1.324648261070251465e-01
2.181073188781738337e-01
2.387463092803955300e-01
1.324693679809570424e-01
5.836107134819031039e-02
8.831074237823487161e-02
2.499913215637207253e-01
8.413966894149781106e-02
1.736100316047668457e-01
8.936713337898255505e-02
1.113559722900390736e-01
4.428905993700027986e-03
1.406239509582519476e-01
7.184849381446838101e-02
8.033055663108826239e-02
1.089771032333374107e-01
1.788721680641174316e-01
1.380186319351196234e-01
1.448709487915039174e-01
5.855305194854736744e-02
8.550710082054138739e-02
1.342827796936035267e-01
1.144872784614563016e-01
1.455942630767822210e-01
1.198444008827209556e-01
1.303515195846557673e-01
1.063083767890930231e-01
1.486568689346313421e-01
2.970468044281006081e-01
3.040565252304077148e-01
3.119451522827148549e-01
2.380167543888092041e-01
1.971379071474075317e-01
3.088059723377227783e-01
1.000000000000000000e+00
1.895056247711181807e-01
2.258759498596191462e-01
1.171656727790832547e-01
2.062291622161865345e-01
1.139032006263732966e-01
8.114982843399048962e-02
1.885268926620483620e-01
3.126599073410034624e-01
1.170327425003051813e-01
2.842851161956786998e-01
1.305598974227905329e-01
8.372531533241273083e-02
4.181265830993652344e-03
2.835626006126404017e-02
2.040957510471344202e-02
1.086154937744140681e-01
3.847227096557617743e-02
8.702334761619568565e-03
2.160048037767410556e-02
2.596890926361083984e-02
2.187975943088531564e-02
1.792623996734619141e-01
5.874623656272888461e-02
3.120810508728027455e-01
1.296634435653686579e-01
1.576554536819458063e-01
1.701601505279541071e-01
4.277231991291046559e-02
9.549655914306641458e-02
1.190901041030883872e-01
3.669570088386536061e-02
2.933223247528076241e-02
0.000000000000000000e+00
3.559850752353668074e-02
0.000000000000000000e+00
1.119600415229797391e-01
5.801740288734436035e-02
5.449286699295044500e-02
5.383453369140625555e-02
3.769274950027465959e-02
9.966986179351806918e-02
3.098640918731689897e-01
2.519568443298340066e-01
2.099982738494873269e-01
2.488667011260986550e-01
1.524568796157836914e-01
1.895056247711181807e-01
9.999998807907104492e-01
2.735628485679626465e-01
1.499318361282348799e-01
1.100062251091003529e-01
8.054697513580322266e-02
7.792004346847535012e-02
2.475756645202636941e-01
3.158236980438232644e-01
3.527013778686523549e-01
2.943666458129882701e-01
1.371517539024353083e-01
6.644749641418457031e-02
9.087180495262146829e-02
7.110706567764282782e-02
3.815593719482422014e-02
4.996090829372406422e-02
2.953751683235168735e-02
6.039215922355652133e-02
2.219992727041244715e-02
1.920946836471557756e-02
1.045091629028320340e-01
4.251888990402222235e-02
1.171648263931274470e-01
1.006018996238708524e-01
1.174352526664733942e-01
3.446269929409027238e-02
1.077910661697387695e-01
1.284832715988159235e-01
0.000000000000000000e+00
1.627425670623779408e-01
7.749212980270386852e-02
1.056228876113891602e-01
0.000000000000000000e+00
0.000000000000000000e+00
1.178589820861816462e-01
1.671556711196899581e-01
3.834745287895202637e-02
5.439040064811706543e-02
5.841675996780396063e-02
1.178041696548461914e-01
2.816368103027344083e-01
2.802195072174072377e-01
2.402682781219482588e-01
5.640883445739746094e-01
4.186538696289062722e-01
1.425453543663025013e-01
2.258759498596191462e-01
2.735628485679626465e-01
1.000000000000000000e+00
3.193885564804077593e-01
1.486356019973754938e-01
9.902001619338990368e-02
1.732836961746215820e-01
2.298381805419922042e-01
2.324651956558227706e-01
5.214625358581542747e-01
2.404064655303955189e-01
2.082442283630371316e-01
2.351804494857788197e-01
1.093460440635681263e-01
1.201596736907959012e-01
0.000000000000000000e+00
1.061638832092285240e-01
1.484970808029174860e-01
1.365114212036132868e-01
7.942882776260376532e-02
1.945034146308899092e-01
1.173103213310241755e-01
4.840905666351318776e-02
4.516856372356414795e-02
1.385306119918823242e-01
1.682408452033996582e-01
9.835012555122375766e-02
1.019882559776306152e-01
8.865425586700440008e-02
5.824607610702514648e-02
1.179674506187439048e-01
2.091972112655639815e-01
5.363568067550659318e-02
9.705558419227600098e-02
1.343788146972656194e-01
1.820828437805175892e-01
1.343719005584716741e-01
1.623633861541748102e-01
1.537190556526184249e-01
1.452795743942260909e-01
2.720781326293945646e-01
2.279474258422851674e-01
2.538279056549072599e-01
2.909764289855957253e-01
4.610930442810058927e-01
4.725950241088867632e-01
1.606217861175537331e-01
1.171656727790832547e-01
1.499318361282348799e-01
3.193885564804077593e-01
1.000000238418579102e+00
