Julen:
TDM WD: [0.3804295200270432, 0.33632631973576244, 0.4590848444641014, 0.58210494671021, 0.5788906609959241]
TDM PK: [0.3170806314285416, 0.23188142202654588, 0.31346840995834807, 0.37936348688864174, 0.37900634403149885]
SDM WD: [0.41658832445790644, 0.5877936950963266, 0.974595342522974, 0.9803519214703424, 0.9803519214703424]
SDM PK: [0.41658832445790644, 0.37099338233432666, 0.5807800965947251, 0.5834116755420935, 0.5834116755420935]
LCM PR: [0.40343574911206936, 0.4293125903159039, 0.7336591069108934, 0.8711867633682306, 0.8711867633682306]
LCM RC: [1.0, 0.9507142721153476, 0.9229104646849423, 0.84819296367268, 0.8273530259187092]
LCM F1: [0.5474513603790825, 0.565324078517903, 0.8053026956016428, 0.8558081794266116, 0.8429643880948419]
NotreDame:
TDM WD: [0.32019898393427815, 0.33218895289483524, 0.4952429300958713, 0.5408725627843275, 0.5376582770700418]
TDM PK: [0.2795760672819496, 0.2574783951254539, 0.361916264622147, 0.3795993273640333, 0.3763850416497475]
SDM WD: [0.4122511361629009, 0.5998473458179341, 0.9564266409266409, 0.9760347490347488, 0.9760347490347488]
SDM PK: [0.4122511361629009, 0.4072519815460991, 0.5760461611343966, 0.5825461611343965, 0.5825461611343965]
LCM PR: [0.38150150277948, 0.4370593456931, 0.799971587019528, 0.8508086151630174, 0.858427662782065]
LCM RC: [1.0, 0.9344437497729586, 0.8857561937998965, 0.814676793292185, 0.81219687052533]
LCM F1: [0.5327507882947349, 0.5776056085349535, 0.8332440245319527, 0.8252875260878441, 0.8290043858887991]
Estrasburgo:
TDM WD: [0.42151828445409967, 0.40888407228201834, 0.38890540140219215, 0.41338945393502513, 0.4058222244165761]
TDM PK: [0.3685880439628835, 0.34915270608723753, 0.31236058122450927, 0.3115967515582406, 0.3096239276341972]
SDM WD: [0.47654809674706977, 0.500733638847246, 0.9097639044737889, 0.9618384875714785, 0.9618384875714785]
SDM PK: [0.47654809674706977, 0.3750372466643327, 0.5000579638589908, 0.5137549335559605, 0.5137549335559605]
LCM PR: [0.28259548231734205, 0.3200742583847372, 0.6963161561094162, 0.7833888984665013, 0.7833888984665013]
LCM RC: [1.0, 0.9367212094225771, 0.8802373907056635, 0.8172831416250238, 0.8091949044320451]
LCM F1: [0.437802406821158, 0.4722831813474011, 0.7524320398039089, 0.7865589192516997, 0.7828217278131138]
Singapur:
TDM WD: [0.3754972833333413, 0.3761558039053697, 0.4614343742389377, 0.5081468549799304, 0.47566998658974924]
TDM PK: [0.32656993546771784, 0.3323147923760826, 0.3918923867456426, 0.4337756372545191, 0.39073187904048234]
SDM WD: [0.4183511939197333, 0.5176443415492662, 0.9435872104865474, 0.9609133085143995, 0.9609133085143995]
SDM PK: [0.4183511939197333, 0.40285709136753084, 0.5672347672759839, 0.57324077328199, 0.57324077328199]
LCM PR: [0.4772196380565645, 0.5495685392066648, 0.7164589894016256, 0.8021470790561934, 0.8213874077693872]
LCM RC: [1.0, 0.9596581205820287, 0.916653519848803, 0.8095626703872459, 0.7441822910992157]
LCM F1: [0.6344688380142416, 0.6911592106763111, 0.7944807585770404, 0.7932253634789288, 0.7742324231418789]
